function dx = duffing_network_dynamics(in1)
%DUFFING_NETWORK_DYNAMICS
%    DX = DUFFING_NETWORK_DYNAMICS(IN1)

%    This function was generated by the Symbolic Math Toolbox version 7.2.
%    21-Feb-2020 01:13:31

x1 = in1(1,:);
x2 = in1(2,:);
x3 = in1(3,:);
x4 = in1(4,:);
x5 = in1(5,:);
x6 = in1(6,:);
x7 = in1(7,:);
x8 = in1(8,:);
x9 = in1(9,:);
x10 = in1(10,:);
x11 = in1(11,:);
x12 = in1(12,:);
t2 = x1-x3;
t3 = t2.^2;
t4 = x1-x7;
t5 = t4.^2;
t6 = x1-x9;
t7 = t6.^2;
t8 = x1.^2;
t9 = t2.*t3.*1.099522931409275;
t10 = x3.^2;
t11 = x5-x7;
t12 = t11.^2;
t13 = x5-x11;
t14 = t13.^2;
t15 = x5.^2;
t16 = t4.*t5.*1.77930879417411;
t17 = t11.*t12.*1.60931722609104;
t18 = x7-x9;
t19 = t18.^2;
t20 = x7.^2;
t21 = t6.*t7.*1.842655137857372;
t22 = t18.*t19.*1.568887421041905;
t23 = x9.^2;
t24 = t13.*t14.*1.79886458224993;
t25 = x11.^2;
dx = [x2;t9+t16+t21-x1.*5.837950632650828e1-x2.*6.12002027245116+x3.*1.543900751957642e1+x4.*1.405625999665743+x7.*1.573820058970592e1+x8.*1.904969215661309+x9.*1.38438084704567e1+x10.*1.736539758025132+t8.*x1.*1.631069999213594;x4;-t9+x1.*1.543900751957642e1+x2.*1.405625999665743-x3.*2.64791232673702e1-x4.*2.515979480308092+t10.*x3.*1.825808857855598;x6;t17+t24-x5.*3.64613312037772e1-x6.*4.640439982076187+x7.*1.327161795211633e1+x8.*1.300631765533552+x11.*1.184848392337404e1+x12.*1.599775888554857+t15.*x5.*1.603467983830769;x8;-t16-t17+t22+x1.*1.573820058970592e1+x2.*1.904969215661309+x5.*1.327161795211633e1+x6.*1.300631765533552-x7.*5.413695426948641e1-x8.*5.96064729555345+x9.*1.499430372299163e1+x10.*1.385847510028571+t20.*x7.*1.556669834964012;x10;-t21-t22+x1.*1.38438084704567e1+x2.*1.736539758025132+x7.*1.499430372299163e1+x8.*1.385847510028571-x9.*4.879200946999925e1-x10.*4.89432118515281+t23.*x9.*1.1048132419735;x12;-t24+x5.*1.184848392337404e1+x6.*1.599775888554857-x11.*2.946274279027517e1-x12.*2.751621413671124+t25.*x11.*1.051331886112371];
